-1.874042508605618051e+00 -7.072119678938060261e-02
6.435450736707850616e-01 -2.323673554466373581e+00
-1.644403378973109398e-01 -9.717966654041855223e-01
-4.176800438034036222e-01 4.040685139118657121e-01
7.741094714397211973e-01 1.970569741820907161e+00
6.767698698271560342e-01 1.673747434191995787e+00
5.450320926046305914e-01 1.122847624327153238e+00
1.069042578677241728e+00 3.466063211434885272e+00
9.254079292673078605e-02 -1.667745982761309254e+00
-1.777463811376707170e+00 -7.644819570417962229e-01
-1.552882939066298373e+00 -1.717194727219731321e-01
1.324561879280424792e-01 -1.074315941612504766e+00
8.049969269723575849e-01 2.781685918511320299e+00
-6.896112073421865052e-01 -3.576239463642376215e+00
-3.578772006790515992e+00 3.295600919497819525e+00
2.278004312005167398e-01 -1.799293519174898215e-01
9.472887818765396428e-01 3.331711941313564740e+00
-2.380684679612014243e+00 7.836638159113284985e-03
-2.560873410238989401e+00 1.883935673333085870e+00
-1.878060924997459136e+00 -4.232442005571334098e-01
3.954051128293119000e-01 7.930551313942257874e-02
-9.696227311208100996e-01 -1.428649068860950999e+00
5.706086516716396551e-01 2.320095385607682026e+00
-7.629851954473577669e-01 -8.021400948460033486e-01
3.803696505867295574e-01 -4.725349186084464304e-01
5.472448749925469258e-01 1.498933123575866277e+00
7.960423234755626964e-01 2.549082309454594686e+00
8.583965125040192712e-01 2.550166665087370887e+00
1.370573065190484607e-01 -5.861143602855372059e-01
6.020292777402058704e-01 2.986018096138002065e+00
