-1.876399961896244140e+00 -9.490071820389106572e-02
-3.190010054591512212e-01 1.781293167919875131e-01
-1.371248502852803419e+00 1.523747614586165700e+00
1.971133167198595437e-01 5.754247055511574338e-02
-8.857836425513166967e-01 -1.841120507830905861e+00
-9.542762049617729003e-01 -5.028164544866778884e-01
-1.317417308934770714e+00 -4.540251442135019300e-01
4.622943946854936925e+00 2.253025903685458964e+00
-2.194647029033550467e+00 2.063921983146935979e+00
-5.121529902242347720e-01 3.309681448824031147e-02
-1.933339440721904889e+00 -8.503943951550940739e-01
-1.588174598183118125e+00 5.579598412766824111e-01
1.815022482908385526e-01 -9.620946536891206158e-02
-1.848032528195341362e+00 -3.065317329283518966e+00
1.761281517074273939e+00 -5.967280106115862015e-01
-1.919439003109520980e-01 3.041475644163732506e-01
-6.089930973794124291e-01 -1.302198713791406171e+00
-1.842497758722107637e+00 -2.512759153583504990e+00
-1.853440437627039028e+00 -2.042581783757229097e-01
-7.203963436782940821e-01 -1.694729471675949117e+00
-2.497521665005962177e+00 -3.102223597920163556e+00
1.006797064004880671e+00 1.646165753798665143e+00
-2.131909724896519087e-01 -1.001347344235919312e+00
-1.167132501208317796e+00 6.099110078186038564e-01
-1.306005499234475398e+00 -2.927482213534479794e+00
-2.772776926406910203e+00 -1.870575842980107151e+00
-1.199529602363232250e+00 2.121795333062935551e+00
-2.524397079985920112e+00 -3.313757891128031652e+00
-4.179388095778659107e+00 -4.017073395661023838e+00
-3.572545075863995834e+00 -3.493009252153914446e+00
