3.954051128293119000e-01 7.930551313942257874e-02
-5.325631566166877384e-02 -5.643526250173728220e-01
-3.578772006790515992e+00 3.295600919497819525e+00
8.049969269723575849e-01 2.781685918511320299e+00
8.014219612410793392e-01 1.785785103317514055e+00
1.103009260888241805e+00 3.995053378710389236e+00
5.472448749925469258e-01 1.498933123575866277e+00
-2.560873410238989401e+00 1.883935673333085870e+00
9.326008147039872576e-01 -3.202201186096425012e-01
-2.380684679612014243e+00 7.836638159113284985e-03
-4.176800438034036222e-01 4.040685139118657121e-01
-1.644403378973109398e-01 -9.717966654041855223e-01
-2.632082073064169192e-01 -1.089401876242227063e+00
-1.878060924997459136e+00 -4.232442005571334098e-01
7.960423234755626964e-01 2.549082309454594686e+00
-1.398403880772143948e+00 6.925625033249316331e-01
6.435450736707850616e-01 -2.323673554466373581e+00
-1.874042508605618051e+00 -7.072119678938060261e-02
1.324561879280424792e-01 -1.074315941612504766e+00
-1.777463811376707170e+00 -7.644819570417962229e-01
