1.733364460084176661e+00 2.228995618623664798e-01
-3.572545075863995834e+00 -3.493009252153914446e+00
-1.559906225308835381e+00 1.936080642451036837e+00
-1.619691563579214399e+00 -1.829116033841026612e+00
1.006797064004880671e+00 1.646165753798665143e+00
-1.371248502852803419e+00 1.523747614586165700e+00
-2.006571640081704189e+00 -2.121635362289327364e+00
2.083441671909533888e-01 -1.237171700430208077e+00
1.761281517074273939e+00 -5.967280106115862015e-01
-1.853440437627039028e+00 -2.042581783757229097e-01
-1.283209839186471912e+00 1.131898768345787065e-01
-1.317417308934770714e+00 -4.540251442135019300e-01
1.189297079633070409e-01 -1.188472419578987527e-01
1.815022482908385526e-01 -9.620946536891206158e-02
4.338822783271243377e-01 -8.165418102255977972e-01
-1.919439003109520980e-01 3.041475644163732506e-01
-1.876399961896244140e+00 -9.490071820389106572e-02
-2.131909724896519087e-01 -1.001347344235919312e+00
9.679011714769556463e-01 -2.783100864032567845e+00
-1.588174598183118125e+00 5.579598412766824111e-01
