-8.629886160691875308e-01 -9.590073389544935267e-01
-1.944243509968608397e-01 -2.392463108610716205e+00
-1.933811178450051571e+00 8.495624367355374407e-01
-2.668530191796184559e-01 6.249767975590732050e-01
-2.021350294276635928e+00 -9.466638816860313277e-01
-1.501892560179442171e+00 6.439794584818470113e-01
-9.623812348814735351e-01 -5.158614923778622741e-01
6.582486084831455919e-01 -2.708131201027454527e+00
-8.692008244997209143e-01 1.449406346371300724e+00
2.107481295492059648e-01 7.365815731386844423e-01
-2.795490268200147010e-01 9.474172446566400119e-01
2.269245009364450283e+00 1.655784696741803730e+00
-2.728820359110525118e+00 1.472875951567671704e+00
-2.061547120146473233e+00 8.300615783765525890e-01
3.453292640979177985e+00 1.957618746091383644e+00
8.382511791807553125e-01 1.229999129395653368e+00
-9.356117037950553161e-01 5.186895002680622646e-01
-9.257951937365338502e-01 -1.291760987295170748e-01
-2.286689669599915042e+00 -1.521446643379312569e+00
9.134572715876720927e-02 9.216305853800560444e-01
