-2.736999987013051694e+00 -3.096322067168655323e+00
1.144773983199135703e+00 1.141935217328964969e+00
3.985019205017253263e+00 1.720630941954613746e+00
-2.821042622517539122e+00 -1.174921972095185119e+00
-5.917011979306194824e-01 1.688472181457418841e-01
-3.002010216690683464e+00 -7.887409134469636207e-01
3.221646297541859161e-01 1.428543025020769353e+00
-4.187703696829638833e-01 -1.901354202304134766e+00
3.679601731347152960e-01 -1.863218464152261333e+00
-8.878044232176445227e-01 3.108375468659068108e-01
4.105220822522988589e-01 -2.285057127016769662e-01
-1.915975186176796186e+00 -3.122012592665905362e-01
-2.608571526453468348e+00 -1.446719195261836788e+00
-2.402197021216647688e+00 -2.861626136293868861e+00
-5.935663430439074295e-01 -1.471991739048015724e+00
-6.731898291270693724e-01 -8.577500728346364456e-01
1.143562040619784170e+00 1.515995065855126001e+00
-3.817983229949236890e+00 -4.076566976057449665e+00
-1.856520008808595801e+00 -3.741701808547289065e+00
-6.915395210732531162e-01 4.723631437065306526e-01
-2.428996242905591796e+00 -3.332363909968809601e+00
-4.101229350169772747e-01 4.025901000212277481e-01
1.690511727345194615e+00 7.345568403000717339e-01
-1.881283462484174551e-01 2.251099683258344086e-01
-1.457399838181426377e+00 1.088392406803653678e+00
-6.011253617269349814e-01 -2.136627597462532613e+00
-2.213756942197646183e+00 -1.339970979197198764e+00
4.555947824018157233e-01 5.999085768164758026e-01
6.756857658781723064e-01 -7.029084304778163705e-01
-2.254410517619586329e+00 -4.263161658874853543e+00
1.237209293101575458e+00 -3.299742528313646339e+00
3.754132462239900825e-01 -1.364181728481393518e+00
6.773105227379572213e-02 -1.246861674618568561e+00
-1.620073477814236274e+00 -5.261475338226495602e-02
5.496427638310841246e-01 3.533181212873186539e-01
-4.873304061451519953e-01 -2.060604792542680475e+00
-2.579754300537910439e+00 -1.137353689807495183e+00
-1.415677725054892644e+00 4.309947672946327080e-01
-2.291130457120988506e+00 -1.196643414124106020e+00
-6.493048441668827220e-01 1.723952176334264008e+00
-1.384302736752905716e+00 -6.626906964134371414e-01
-3.015814951754375528e+00 -4.425754148563473933e+00
-2.002239758650066648e+00 -6.850402611166646061e-01
-4.891797047659176556e-01 5.264387064017155282e-01
-1.694373034863354111e+00 1.295826366173056021e+00
-1.071025134878242913e-01 1.454444049802754435e+00
-1.351511895256439555e+00 -8.597140001605352300e-01
-1.897622091632176655e+00 1.284493649949103311e+00
1.170761641586199886e-01 -1.434070191860688848e+00
-2.774907319852856880e+00 -4.623678968138428047e+00
-2.982393498570754531e-01 -4.145026946006391544e-01
-1.988258026561163572e+00 -3.463931046157852300e+00
-2.601339477131529687e+00 -4.221920945113319057e+00
5.414432768585369926e-01 2.507844148473610701e+00
-3.244244883384393763e+00 -2.998960824915844370e+00
-1.958089712244067027e+00 -5.694182249959838238e-01
-9.925953620887670859e-01 5.320600483157094107e-01
-2.897047841399645662e+00 -4.165151514313675030e+00
-1.740324183334577945e+00 -2.555325182119991823e+00
-2.295521568810558133e+00 -3.594597235530878621e+00
-3.279970648705259784e+00 3.398584011051772880e-01
4.431033807629680688e-01 -9.936027844861977654e-01
4.131699360288272338e-01 -1.850406902345113958e+00
1.926932353711880985e+00 2.850935455435956278e+00
-1.212304726399775046e+00 3.260274878791054043e-01
-2.164912483431471912e+00 2.269930335859402071e+00
4.379482085588101148e-01 1.351737135084337904e+00
2.319281313345256113e-01 2.721096820808439176e+00
-7.386590249401869812e-02 -8.816348655537418200e-01
-1.341841064559460728e+00 -1.451432117873496352e+00
-3.294327919080992650e+00 -3.915290379865293602e+00
1.655618680759697092e+00 2.084635478774750084e+00
1.907389415173033509e+00 1.948662383772482576e-01
-2.263900704515418028e+00 -1.101253335894667007e+00
-7.074052489021724899e-01 -5.316747349603295758e-01
-6.374597568559290384e-01 6.619924791544335996e-01
-5.647788123300521157e-01 -4.581242885693777023e-01
-6.319967366902132788e-01 1.299006789765357883e-01
-7.699046356988823447e-01 1.277498712140506587e+00
-2.013690557299568917e-01 -1.256111992977857028e+00
-2.641092918707316883e+00 -4.348253420470189923e+00
-9.867005440116520809e-01 4.173983697639367385e-01
-2.068285597863231295e+00 1.222188000320182377e+00
-3.513582902535323793e-01 1.324983478615112453e+00
-1.179784541492906236e+00 -2.638629675171710876e+00
-5.712040630792399876e-01 -1.328939910975563521e+00
2.973572058299180920e+00 2.813591914997756849e+00
-2.150696797648673275e+00 -1.574586374087559415e+00
6.487369050979820972e-01 -3.314707981176956419e-01
1.422692811200686691e+00 2.634374553973064081e+00
-1.230868574304471608e+00 -2.295339494843111616e+00
4.833108994520307622e-01 4.278951768163379299e-01
-6.116463688545590305e-01 -2.761175204132646499e+00
-2.622003830644870526e+00 6.419481973261293994e-01
-1.784669086485662914e-01 4.085829410742471968e-01
-9.791328826069161106e-01 -5.973297260857599600e-01
-6.334425427287049271e-01 -1.067082452380960778e-01
2.316863371533503191e+00 1.059769800551866981e+00
2.997302378475795059e+00 3.536159149713972383e+00
-1.090577835928946193e+00 1.513441047476039802e+00
-1.857621432224076052e+00 7.640164954400443520e-01
-1.148611238375040644e+00 4.889201569894373600e-01
2.282554069970146871e-01 2.774079654468675216e+00
-2.508271015882118427e+00 -2.641318300633606952e+00
-2.246155943513231446e+00 -2.055311356960961344e+00
-9.661321896880196158e-01 1.204412134139527080e+00
-1.828781032170962106e+00 4.750949703956808268e-01
-1.600531761355352911e+00 -4.525725095490099603e-01
-2.470118908909699762e+00 -2.062754277287340621e+00
5.218140752225095547e-01 -1.829070478091736174e+00
3.168285205811721017e+00 2.041413407356762022e+00
9.929949877539767655e-01 -1.095085374597053463e+00
-6.202349351757971974e-01 -1.966134190838401796e+00
-1.605332465512439244e+00 6.184890747646818454e-01
-1.928307059507833321e-01 -3.208887479193491821e+00
-3.686499506860720032e+00 -1.709183272347739369e+00
1.621136578371953352e+00 1.804089874927475856e+00
1.538648873660124483e-01 -1.749710706573309515e+00
-3.369258098381036071e-01 -1.938313620798938430e+00
-1.410449467326814865e+00 1.108252925540301304e+00
2.572298763692695278e-01 -2.622294638318101168e+00
-2.847148575899499434e+00 2.355692316782985074e+00
1.237403881194939714e+00 -1.841295123540396261e-01
1.046809685449548777e+00 -4.562189988707987531e-02
-1.571382130371944852e+00 -1.385546244792795978e+00
-2.368288415405546576e+00 -2.161626707725915253e+00
-2.147963904377950595e+00 1.753650975680858259e-01
-2.441052226356312360e+00 -2.525767964880601291e+00
-1.212861603997531734e+00 -3.677530847320776286e-01
1.690846549167650759e+00 2.257757548170407969e+00
-1.182288480841936273e+00 -9.482251999643692697e-01
-1.446652925176283855e-02 -2.490956348249246055e+00
-3.461855580029691293e+00 -5.190100076961464914e+00
-2.881703045351097447e+00 -3.296983610223197303e+00
-1.961447915652582807e+00 1.023372843578671754e+00
-1.186486543929749615e+00 -9.053924216668245428e-01
1.069378657408210032e+00 1.938692235982522938e+00
-3.973218370657284115e+00 -2.746243025133257465e+00
-2.294010729202383914e+00 -9.028858869644853513e-01
1.433804314390473067e+00 -2.019801259582008512e+00
8.582224311873123401e-01 2.633700792964505766e+00
-2.417459785926946214e+00 -1.366908330876649647e+00
-2.466630322515820595e+00 -7.421285003157680471e-01
1.999727402363410400e-02 4.951616663715515676e-01
2.422265116389088480e+00 1.218305972384058578e+00
-2.609993859878433131e+00 -1.175232424182263813e+00
-1.330031385602696625e+00 -3.714018631122974479e-01
-3.510115786549479644e+00 -2.885141272039233762e+00
7.016803808904009676e-01 9.713561081944237507e-01
-1.750607532225346485e+00 -1.206285830760142286e+00
-7.658857607189035743e-01 -2.024919062183300866e+00
1.100119481585470460e+00 -1.075824647200762652e+00
-1.944756901401519578e+00 -1.028203414802487448e+00
-1.580703828845762438e+00 -9.128834364307907290e-01
-5.652578458275605566e-01 2.002774168918992626e-01
-1.863587771934872794e+00 -2.032497030754579104e+00
-1.613666874976192211e+00 -9.259841682475826730e-01
-2.064694677423215996e+00 -1.155059042316660012e+00
-2.076401464551154596e+00 -1.662662913082645577e+00
-2.582130876741931758e+00 -1.287729885568988930e+00
-1.050918905661303970e+00 -2.339621854069758200e+00
1.310772289222630338e+00 1.072815666770929433e+00
-2.023874560256893052e+00 -2.128090505598136950e-01
-3.142068934794396640e+00 2.515580352667190933e+00
-3.930178061710932980e+00 -4.359718301097649018e+00
-5.129786493876336007e-01 -1.318245187954296682e+00
-2.798914909380978866e+00 8.467602031277352559e-01
-1.082143444770133245e+00 -4.235701955167059385e-01
1.700470793419388116e+00 -4.052757150366883110e+00
-1.289834361450059586e+00 6.848359136062938113e-01
-2.047209301969228790e+00 -3.255288790199952764e+00
7.851693040952418823e-01 -5.385786848956228834e-01
-1.133590715548088879e+00 6.979678374877733571e-01
-1.729143035260376493e+00 -1.395659390251132059e+00
-1.089071117550635792e+00 -1.463328745958901500e+00
2.533033131697060902e+00 9.025993484175459658e-01
-1.650090993570400233e+00 -1.135429965687295706e-01
-7.678711652012508715e-01 1.964107358678174320e+00
-5.713567596556503592e-01 5.589621324296429883e-01
-2.877725308018558081e+00 -3.661846251216869241e+00
-6.949423132461844954e-01 1.806843187121086158e+00
-1.000922115327589124e+00 3.225358808198048877e-01
-7.657677545515622075e-01 -3.886298988508046226e-01
9.882800134240801171e-01 5.725675908983722806e-01
-1.501050147831229253e+00 -2.204018385592802609e+00
-2.220682375725451685e+00 -1.477142888798778309e+00
-2.892685515411778763e+00 -3.869104878635371669e+00
-1.273519677050202414e+00 8.243581383275189189e-02
1.663400980467449441e+00 9.371943478875364164e-01
3.731506777635457128e-02 7.555932742287718717e-03
-7.315338058059424053e-01 -1.056359554131350409e+00
-8.006920010786606756e-01 -2.492192950504919846e+00
-1.217891457335416261e+00 9.534864109663210296e-01
7.605727177574681530e-01 2.211168815796082487e+00
-3.652247071606270268e+00 -5.277253418256320217e+00
-6.559431377355228188e-01 -2.145977532972947799e+00
2.484957487433328005e+00 1.366758305677272745e+00
-1.469546999303552148e+00 9.298235974088907563e-01
1.150950526905260674e+00 8.121903876921012788e-01
9.781968295846561467e-01 -3.216235053174136826e+00
